Scenario Model 	      N	sigma 	lam0 Detection nMarked Nmean Bias 	RMSE 	CIC 	CVmean 	Time 
1        One-stage 	 60 	4 	0.62 	Low 	5 	66.1 	10.1 	13.4 	95.0 	20.4 	3.1 
2        One-stage 	 60 	4 	0.62 	Low 	10 	62.3 	3.8 	11.2 	97.0 	20.1 	3.5 
3        One-stage 	 60 	4 	0.62 	Low 	20 	62.6 	4.3 	9.8 	97.5 	19.0 	4.0 
4        One-stage 	 60 	4 	1.85 	High 	5 	61.2 	2.0 	9.8 	96.5 	16.9 	3.1 
5        One-stage 	 60 	4 	1.85 	High 	10 	62.0 	3.3 	9.3 	95.8 	15.9 	3.6 
6        One-stage 	 60 	4 	1.85 	High 	20 	62.4 	4.0 	8.5 	97.6 	15.3 	4.2 
7        One-stage 	 60 	8 	0.18 	Low 	5 	63.6 	6.0 	12.3 	99.0 	23.4 	3.3 
8        One-stage 	 60 	8 	0.18 	Low 	10 	64.4 	7.4 	11.5 	99.5 	21.2 	3.4 
9        One-stage 	 60 	8 	0.18 	Low 	20 	62.8 	4.7 	9.4 	98.5 	19.5 	4.2 
10       One-stage 	 60 	8 	0.54 	High 	5 	62.4 	4.0 	10.7 	95.9 	17.8 	3.3 
11       One-stage 	 60 	8 	0.54 	High 	10 	62.2 	3.7 	9.3 	95.2 	16.0 	3.6 
12       One-stage 	 60 	8 	0.54 	High 	20 	60.9 	1.6 	7.3 	97.5 	14.7 	4.4 
13       One-stage 	120 	4 	0.62 	Low 	5 	128.4 	7.0 	24.5 	95.2 	19.2 	6.2 
14       One-stage 	120 	4 	0.62 	Low 	10 	126.3 	5.3 	19.9 	98.3 	17.7 	5.6 
15       One-stage 	120 	4 	0.62 	Low 	20 	125.3 	4.4 	18.8 	97.0 	16.2 	6.7 
16       One-stage 	120 	4 	1.85 	High 	5 	125.6 	4.6 	19.1 	95.3 	14.7 	5.5 
17       One-stage 	120 	4 	1.85 	High 	10 	123.5 	2.9 	16.7 	95.0 	13.4 	6.0 
18       One-stage 	120 	4 	1.85 	High 	20 	121.2 	1.0 	12.8 	97.2 	12.3 	6.5 
19       One-stage 	120 	8 	0.18 	Low 	5 	126.5 	5.4 	24.0 	98.2 	22.5 	5.3 
20       One-stage 	120 	8 	0.18 	Low 	10 	130.1 	8.4 	23.6 	95.4 	19.6 	6.2 
21       One-stage 	120 	8 	0.18 	Low 	20 	126.9 	5.7 	19.7 	95.9 	16.9 	6.5 
22       One-stage 	120 	8 	0.54 	High 	5 	124.4 	3.7 	19.6 	96.8 	16.5 	6.7 
23       One-stage 	120 	8 	0.54 	High 	10 	125.2 	4.4 	16.7 	96.5 	14.0 	6.8 
24       One-stage 	120 	8 	0.54 	High 	20 	122.1 	1.7 	13.3 	96.1 	11.9 	7.2
